81555606
280667278
599047191
1036695345
1593555285
2269729000
3065170956
3979881153
5011857021
5992880460
7061532220
8217812301
9461720703
10793257426
12212422470
13719215835
15313462515
16995503161
18765172128
20622469416
22567395025
24599948955
26720131206
28927941778
31223380671
33606447885
36077143420
38635467276
41281419453
44014999951
46836208770
49745045910
52741511371
55825605153
58997327256
62256677680
65603294200
69037891905
72560117931
76169972278
79867454946
83652565935
87525305245
91485672876
95533668828
99669293101
103892545695
108203426610
112601935846
117088073403
121661839281
126323233480
131072256000
135908906841
140833186003
145844553403
150944079846
156131234610
161406017695
166768429101
172218468828
177756136876
183381433245
189094357935
194894910946
200783092278
206758901931
212822339905
218973406200
225212100816
231538423753
237952375011
244453954590
251043162490
257719998711
264483735951
271335819453
278275531276
285302871420
292417839885
299620436671
306910661778
314288515206
321753996955
329307107025
336947845416
344676212128
352492207161
360395830515
368387082190
376465962186
384632470503
392886607141
401228372100
409656860220
418173872460
426778513021
435470781903
444250679106
453118204630
462073358475
471116140641
480246551128
489464589936
498770257065
499998500001
499999500000
